$ANSIBLE_VAULT;1.1;AES256
61396638346166393834646530383133346466376237373635613163653639396437653764396138
6136363139356161646533316266653630383235656566320a653831613332363231306239653264
30323239656333393735363066333064363532333763386430313361313531616264313034373337
6164373737336335620a313332376262636332396434633166373461336465343164363965343031
31396466306239323862396666653731663264346431336637613539653339393062626534303333
61633963653534633431323937313463343231383064633939343935303639613237623838356437
32646430393239636463383165336636376334356531326231653635643961386463353666663961
30366435336166336665333863376438636634623464653461643965373339323130366630643864
61396630656463353764643565396565626233373235633639643633616664643733383233373739
34323730323263323031303136613164656437353038306665323836656166613166373039643530
63323834376238323332303836613663356263663264333365356432653533623233386238396330
38313965613434373632386365383530666265303732383362653765653237336161636137323737
32636132346632623330316362663666616161666163313766626133336362663439323535626466
62616338653739326434616364616232646565386663666464313130396232396339333330366438
62643561346634636364303034613137306235353930633662626630376634323638623761613864
61626535646266303666393434366531313661353066663061363334303633303738326437353730
39323631613239366165656235386562343835353262613766303637656437396364653362643961
64613165376564613161626434383431616431386632356635623965643633303162353563663662
37653230353139303037616364383637376536353135336438383834633632656264316662353563
31333733616434386166623634363530393166646238613832343366636232613638333239373462
64346535323032633636346161363039323366613661646237383235643839373765303739653232
37373364326164636265653736643764316661316565653764343764373466323130346137373839
38363830613635626232313830353433366666393165363832643639363436626666643430366334
62366332343735663632633939353162663461323732366530336562643935356439376638363464
30393361653730336434336136623839313037313533393137316332656531393238313735363763
65613735373962346237323166363732333033326564663838643538656666313630393363633437
36636439646637363135613237636665373839653664643531373338646666373437313831316464
62386161393238333234
